# File: 1    
# 1       0.0600000000000000   0.0000000000000000   0.0000000000000000
  -0.0161998612    0.0000000000    0.0000000000
  -0.0021056912    0.0000000000    0.0000000000
   0.0011074488    0.0000000000    0.0000000000
   0.0011074488    0.0000000000    0.0000000000
   0.0040808487    0.0029422600    0.0029422600
   0.0040808487   -0.0029422600   -0.0029422600
   0.0039644788   -0.0027222400    0.0027222400
   0.0039644788    0.0027222400   -0.0027222400
# File: 2    
# 1       0.0600000000000000   0.0000000000000000   0.0000000000000000
# 1       0.0424264068711929   0.0424264068711929   0.0000000000000000
  -0.0276166100   -0.0115174600   -0.0014518413
  -0.0035943500    0.0007846200   -0.0000201512
   0.0018858500   -0.0014872400   -0.0000201212
   0.0018861600    0.0007853500    0.0000066288
   0.0093658700    0.0083219200    0.0076191787
   0.0048033100   -0.0020567100   -0.0028274013
   0.0049002300   -0.0019067300    0.0028181288
   0.0083695400    0.0070762500   -0.0061244213
# File: 3    
# 1       0.0600000000000000   0.0000000000000000   0.0000000000000000
# 1      -0.0424264068711929  -0.0424264068711929   0.0000000000000000
  -0.0047563975    0.0114659100    0.0002484100
  -0.0006161675   -0.0007836100    0.0000034300
   0.0003254225    0.0014880400    0.0000034200
   0.0003252125   -0.0007839500   -0.0000006900
  -0.0008090375   -0.0020255700   -0.0011710800
   0.0032896225   -0.0037612700   -0.0029624900
   0.0030763625   -0.0035915800    0.0027054800
  -0.0008350175   -0.0020079700    0.0011735200
# File: 4    
# 1       0.0600000000000000   0.0000000000000000   0.0000000000000000
# 2       0.0424264068711929   0.0424264068711929   0.0000000000000000
  -0.0176845387    0.0007845287   -0.0000204600
  -0.0135760387   -0.0114728412   -0.0005964000
   0.0018904612    0.0007851587   -0.0000011800
   0.0018907112   -0.0014886013   -0.0000112900
   0.0049000412    0.0038107887    0.0029897800
   0.0091320112    0.0021033487    0.0013374700
   0.0086142612    0.0019347687   -0.0010225900
   0.0048330912    0.0035428487   -0.0026753300
# File: 5    
# 1       0.0600000000000000   0.0000000000000000   0.0000000000000000
# 2      -0.0424264068711929  -0.0424264068711929   0.0000000000000000
  -0.0147118012   -0.0007844600    0.0000042687
   0.0093707888    0.0114730300   -0.0006051312
   0.0003220288   -0.0007839400    0.0000055587
   0.0003224088    0.0014882100   -0.0000048213
   0.0032020087    0.0021300800    0.0029832487
  -0.0005771212   -0.0075915200   -0.0066948412
  -0.0010815213   -0.0077766400    0.0069944188
   0.0031532087    0.0018452400   -0.0026827013
# File: 6    
# 1       0.0600000000000000   0.0000000000000000   0.0000000000000000
# 3       0.0424264068711929   0.0424264068711929   0.0000000000000000
  -0.0154140412   -0.0014879587   -0.0000040000
  -0.0013200913    0.0007837513   -0.0000008700
  -0.0103663912   -0.0114726988   -0.0006131700
  -0.0003817613    0.0007847213   -0.0000112200
   0.0049500188    0.0037559913    0.0029896900
   0.0087384487    0.0017123312   -0.0066867800
   0.0090097387    0.0023256813    0.0070009300
   0.0047840787    0.0035981813   -0.0026745800
# File: 7    
# 1       0.0600000000000000   0.0000000000000000   0.0000000000000000
# 3      -0.0424264068711929  -0.0424264068711929   0.0000000000000000
  -0.0169814487    0.0014876700   -0.0000124287
  -0.0028886587   -0.0007848800    0.0000056213
   0.0125788312    0.0114730700   -0.0005884587
   0.0025948413   -0.0007843900   -0.0000047887
   0.0032685313    0.0020694200    0.0029824913
  -0.0009734287   -0.0079908700    0.0013302012
  -0.0006850987   -0.0073764200   -0.0010300287
   0.0030864313    0.0019064000   -0.0026826087
# File: 8    
# 1       0.0600000000000000   0.0000000000000000   0.0000000000000000
# 3       0.0000000000000000   0.0000000000000000   0.0600000000000000
  -0.0161986800   -0.0000166500    0.0011079900
  -0.0021056200   -0.0000059800   -0.0021056200
   0.0011079900   -0.0000166500   -0.0161986800
   0.0011078300   -0.0000100600    0.0011078300
   0.0068035500    0.0002317500    0.0069045400
   0.0011371500   -0.0058714300    0.0011371500
   0.0069045400    0.0002317500    0.0068035500
   0.0012432400    0.0054572700    0.0012432400
# File: 9    
# 1       0.0600000000000000   0.0000000000000000   0.0000000000000000
# 5       0.0000000000000000   0.0600000000000000   0.0000000000000000
  -0.0132602987    0.0041939813    0.0030292888
  -0.0050469388    0.0040746912    0.0029479888
  -0.0016167688    0.0039628713   -0.0027099612
   0.0040493312    0.0040799213   -0.0029375712
   0.0038569212   -0.0134803188    0.0026364488
   0.0040802712   -0.0018334687   -0.0029553912
   0.0039710912   -0.0048274888    0.0027166488
   0.0039663912    0.0038298113   -0.0027274512
# File: 10   
# 1       0.0600000000000000   0.0000000000000000   0.0000000000000000
# 5       0.0000000000000000  -0.0600000000000000   0.0000000000000000
  -0.0193699787   -0.0043169112   -0.0032717000
   0.0006171912   -0.0039575712   -0.0027261400
   0.0040507412   -0.0040802512    0.0029300900
  -0.0016142388   -0.0039615512    0.0027158000
   0.0043169112    0.0193699787    0.0032717000
   0.0040802512   -0.0040507412   -0.0029300900
   0.0039575712   -0.0006171912    0.0027261400
   0.0039615512    0.0016142388   -0.0027158000
# File: 11   
# 1       0.0600000000000000   0.0000000000000000   0.0000000000000000
# 5       0.0600000000000000   0.0000000000000000   0.0000000000000000
  -0.0121201475    0.0029488987    0.0029488987
   0.0018638825   -0.0027214112   -0.0027214112
   0.0051894825   -0.0029479512    0.0029435187
   0.0051894825    0.0029435187   -0.0029479512
  -0.0122363875    0.0027157088    0.0027157088
   0.0019698825   -0.0029431112   -0.0029431112
   0.0050719025   -0.0027163312    0.0027206788
   0.0050719025    0.0027206788   -0.0027163312
# File: 12   
# 1       0.0600000000000000   0.0000000000000000   0.0000000000000000
# 5      -0.0600000000000000   0.0000000000000000   0.0000000000000000
  -0.0203815700   -0.0031739700   -0.0031739700
  -0.0061907400    0.0029414100    0.0029414100
  -0.0028564600    0.0027275700   -0.0027222100
  -0.0028564600   -0.0027222100    0.0027275700
   0.0203815700    0.0031739700    0.0031739700
   0.0061907400   -0.0029414100   -0.0029414100
   0.0028564600   -0.0027275700    0.0027222100
   0.0028564600    0.0027222100   -0.0027275700
# File: 13   
# 1       0.0600000000000000   0.0000000000000000   0.0000000000000000
# 7       0.0000000000000000   0.0600000000000000   0.0000000000000000
  -0.0187102475    0.0037466125   -0.0024349700
   0.0008376325    0.0040857125   -0.0029371700
   0.0038282225    0.0039650125    0.0027340600
  -0.0018340275    0.0040810825    0.0029475700
   0.0040857125    0.0008376325    0.0029371700
   0.0040810825   -0.0018340275   -0.0029475700
   0.0037466125   -0.0187102475    0.0024349700
   0.0039650125    0.0038282225   -0.0027340600
# File: 14   
# 1       0.0600000000000000   0.0000000000000000   0.0000000000000000
# 7       0.0000000000000000  -0.0600000000000000   0.0000000000000000
  -0.0134804512   -0.0038582700    0.0026358100
  -0.0048267713   -0.0039696200    0.0027172200
  -0.0018336813   -0.0040815100   -0.0029552500
   0.0038294988   -0.0039650100   -0.0027274000
   0.0040744187    0.0050475200    0.0029486100
   0.0040789888   -0.0040499400   -0.0029382700
   0.0041948187    0.0132602800    0.0030291700
   0.0039631787    0.0016165500   -0.0027098900
# File: 15   
# 1       0.0600000000000000   0.0000000000000000   0.0000000000000000
# 7       0.0600000000000000   0.0000000000000000   0.0000000000000000
  -0.0122362113   -0.0027158313    0.0027158313
   0.0019700988    0.0029430387   -0.0029430387
   0.0050717187    0.0027162587    0.0027206113
   0.0050717187   -0.0027206113   -0.0027162587
   0.0051885088    0.0029483888    0.0029439912
   0.0051885088   -0.0029439912   -0.0029483888
  -0.0121191812   -0.0029483512    0.0029483512
   0.0018648388    0.0027210988   -0.0027210988
# File: 16   
# 1       0.0600000000000000   0.0000000000000000   0.0000000000000000
# 7      -0.0600000000000000   0.0000000000000000   0.0000000000000000
  -0.0200329900    0.0025014300   -0.0025014300
  -0.0060622200   -0.0027234400    0.0027234400
  -0.0029728000   -0.0029360600   -0.0029400200
  -0.0029728000    0.0029400200    0.0029360600
   0.0029728000    0.0029360600    0.0029400200
   0.0029728000   -0.0029400200   -0.0029360600
   0.0200329900   -0.0025014300    0.0025014300
   0.0060622200    0.0027234400   -0.0027234400
